#E	Z	A          	mass_amu	Y
H	001	001	001.007825032240	2.520E+10
H	001	002	002.014101778110	4.970E+05
He	002	003	003.016029322650	4.130E+05
He	002	004	004.002603254130	2.490E+09
Li	003	006	006.015122887400	4.300E+00
Li	003	007	007.016003437000	5.260E+01
Be	004	009	009.012183070000	6.370E-01
B	005	010	010.012936862000	3.600E+00
B	005	011	011.009305167000	1.440E+01
C	006	012	012.000000000000	9.030E+06
C	006	013	013.003354835210	9.440E+04
N	007	014	014.003074004460	2.180E+06
N	007	015	015.000108898900	4.940E+03
O	008	016	015.994914619600	1.660E+07
O	008	017	016.999131756600	5.800E+03
O	008	018	017.999159612800	3.130E+04
F	009	019	018.998403162900	1.267E+03
Ne	010	020	019.992440176200	4.070E+06
Ne	010	021	020.993846690000	9.760E+03
Ne	010	022	021.991385110000	2.900E+05
Na	011	023	022.989769282000	5.780E+04
Mg	012	024	023.985041697000	8.100E+05
Mg	012	025	024.985836960000	1.030E+05
Mg	012	026	025.982592970000	1.130E+05
Al	013	027	026.981538410000	8.180E+04
Si	014	028	027.976926535000	9.220E+05
Si	014	029	028.976494665300	4.680E+04
Si	014	030	029.973770137000	3.090E+04
P	015	031	030.973761998600	8.260E+03
S	016	032	031.972071174400	4.156E+05
S	016	033	032.971458909900	3.270E+03
S	016	034	033.967867010000	1.830E+04
S	016	036	035.967080700000	6.400E+01
Cl	017	035	034.968852690000	4.010E+03
Cl	017	037	036.965902580000	1.280E+03
Ar	018	036	035.967545105000	8.240E+04
Ar	018	038	037.962732100000	1.530E+04
Ar	018	040	039.962383123800	4.000E+00
K	019	039	038.963706487000	3.360E+03
K*	019	040	039.963998170000	5.000E+00
K	019	041	040.961825258000	2.430E+02
Ca	020	040	039.962590866000	5.550E+04
Ca	020	042	041.958617830000	3.700E+02
Ca	020	043	042.958766430000	7.700E+01
Ca	020	044	043.955481500000	1.194E+03
Ca	020	046	045.953688000000	2.000E+00
Ca	020	048	047.952522900000	1.070E+02
Sc	021	045	044.955907500000	3.370E+01
Ti	022	046	045.952626860000	2.030E+02
Ti	022	047	046.951757750000	1.830E+02
Ti	022	048	047.947940930000	1.810E+03
Ti	022	049	048.947864630000	1.330E+02
Ti	022	050	049.944785840000	1.280E+02
V	023	050	049.947155800000	7.000E-01
V	023	051	050.943956900000	2.745E+02
Cr	024	050	049.946041400000	5.710E+02
Cr	024	052	051.940505000000	1.100E+04
Cr	024	053	052.940647000000	1.250E+03
Cr	024	054	053.938878000000	3.100E+02
Mn	025	055	054.938043200000	9.090E+03
Fe	026	054	053.939608300000	5.100E+04
Fe	026	056	055.934935600000	8.010E+05
Fe	026	057	056.935392100000	1.850E+04
Fe	026	058	057.933273700000	2.460E+03
Co	027	059	058.933193700000	2.260E+03
Ni	028	058	057.935341800000	3.310E+04
Ni	028	060	059.930785300000	1.280E+04
Ni	028	061	060.931054900000	5.550E+02
Ni	028	062	061.928344900000	1.770E+03
Ni	028	064	063.927966300000	4.500E+02
Cu	029	063	062.929597200000	3.700E+02
Cu	029	065	064.927789500000	1.650E+02
Zn	030	064	063.929141800000	6.200E+02
Zn	030	066	065.926033700000	3.490E+02
Zn	030	067	066.927127500000	5.100E+01
Zn	030	068	067.924844300000	2.330E+02
Zn	030	070	069.925319200000	8.000E+00
Ga	031	069	068.925573500000	2.170E+01
Ga	031	071	070.924702500000	1.440E+01
Ge	032	070	069.924248700000	2.470E+01
Ge	032	072	071.922075830000	3.300E+01
Ge	032	073	072.923458960000	9.300E+00
Ge	032	074	073.921177762000	4.390E+01
Ge	032	076	075.921402727000	9.300E+00
As	033	075	074.921594600000	6.070E+00
Se	034	074	073.922475935000	5.800E-01
Se	034	076	075.919213704000	6.230E+00
Se	034	077	076.919914150000	5.130E+00
Se	034	078	077.917309280000	1.600E+01
Se	034	080	079.916521800000	3.366E+01
Se	034	082	081.916699500000	5.960E+00
Br	035	079	078.918337600000	6.260E+00
Br	035	081	080.916288200000	6.090E+00
Kr	036	078	077.920366300000	1.900E-01
Kr	036	080	079.916378000000	1.200E+00
Kr	036	082	081.913481155000	5.990E+00
Kr	036	083	082.914126518000	5.940E+00
Kr	036	084	083.911497729000	2.918E+01
Kr	036	086	085.910610626000	8.790E+00
Rb	037	085	084.911789738000	5.080E+00
Rb*	037	087	086.909180531000	2.091E+00
Sr	038	084	083.913419100000	1.300E-01
Sr	038	086	085.909260726000	2.300E+00
Sr	038	087	086.908877496000	1.610E+00
Sr	038	088	087.905612256000	1.920E+01
Y	039	089	088.905841200000	4.350E+00
Zr	040	090	089.904698760000	5.621E+00
Zr	040	091	090.905640220000	1.226E+00
Zr	040	092	091.905035820000	1.873E+00
Zr	040	094	093.906312520000	1.899E+00
Zr^	040	096	095.908277620000	3.060E-01
Nb	041	093	092.906373200000	7.800E-01
Mo	042	092	091.906807160000	3.800E-01
Mo	042	094	093.905083590000	2.380E-01
Mo	042	095	094.905837440000	4.120E-01
Mo	042	096	095.904674770000	4.330E-01
Mo	042	097	096.906016900000	2.490E-01
Mo	042	098	097.905403610000	6.300E-01
Mo^	042	100	099.907468000000	2.530E-01
Ru	044	096	095.907588910000	1.000E-01
Ru	044	098	097.905287000000	3.400E-02
Ru	044	099	098.905930300000	2.300E-01
Ru	044	100	099.904210500000	2.280E-01
Ru	044	101	100.905573100000	3.080E-01
Ru	044	102	101.904340300000	5.700E-01
Ru	044	104	103.905425400000	3.360E-01
Rh	045	103	102.905494100000	3.380E-01
Pd	046	102	101.905632100000	1.410E-02
Pd	046	104	103.904030400000	1.536E-01
Pd	046	105	104.905079500000	3.079E-01
Pd	046	106	105.903480300000	3.770E-01
Pd	046	108	107.903891800000	3.650E-01
Pd	046	110	109.905172900000	1.620E-01
Ag	047	107	106.905091500000	2.580E-01
Ag	047	109	108.904755800000	2.390E-01
Cd	048	106	105.906459800000	2.000E-02
Cd	048	108	107.904183600000	1.400E-02
Cd	048	110	109.903007500000	1.970E-01
Cd	048	111	110.904183800000	2.020E-01
Cd	048	112	111.902763880000	3.810E-01
Cd^	048	113	112.904408100000	1.930E-01
Cd	048	114	113.903364990000	4.540E-01
Cd^	048	116	115.904763230000	1.190E-01
In	049	113	112.904060450000	8.000E-03
In^	049	115	114.903878774000	1.710E-01
Sn	050	112	111.904824900000	3.500E-02
Sn	050	114	113.902781030000	2.400E-02
Sn	050	115	114.903344697000	1.200E-02
Sn	050	116	115.901742820000	5.220E-01
Sn	050	117	116.902954000000	2.760E-01
Sn	050	118	117.901606600000	8.700E-01
Sn	050	119	118.903311200000	3.080E-01
Sn	050	120	119.902201900000	1.171E+00
Sn	050	122	121.903444000000	1.660E-01
Sn	050	124	123.905276700000	2.080E-01
Sb	051	121	120.903810100000	2.050E-01
Sb	051	123	122.904214000000	1.540E-01
Te	052	120	119.904060000000	5.000E-03
Te	052	122	121.903043400000	1.230E-01
Te^	052	123	122.904269700000	4.300E-02
Te	052	124	123.902817100000	2.270E-01
Te	052	125	124.904429900000	3.370E-01
Te	052	126	125.903310900000	8.940E-01
Te^	052	128	127.904461300000	1.494E+00
Te^	052	130	129.906222747000	1.594E+00
I	053	127	126.904472000000	1.590E+00
Xe^	054	124	123.905891600000	7.000E-03
Xe	054	126	125.904297000000	6.000E-03
Xe	054	128	127.903531000000	1.220E-01
Xe	054	129	128.904780859000	1.507E+00
Xe	054	130	129.903509349000	2.390E-01
Xe	054	131	130.905084136000	1.196E+00
Xe	054	132	131.904155087000	1.449E+00
Xe	054	134	133.905393034000	5.350E-01
Xe^	054	136	135.907214476000	4.350E-01
Cs	055	133	132.905451961000	3.680E-01
Ba^	056	130	129.906320900000	5.000E-03
Ba	056	132	131.905061100000	5.000E-03
Ba	056	134	133.904508400000	1.100E-01
Ba	056	135	134.905688600000	3.000E-01
Ba	056	136	135.904576000000	3.570E-01
Ba	056	137	136.905827400000	5.110E-01
Ba	056	138	137.905247200000	3.264E+00
La*	057	138	137.907118000000	0.000E+00
La	057	139	138.906358800000	4.590E-01
Ce	058	136	135.907129400000	2.000E-03
Ce^	058	138	137.905890000000	3.000E-03
Ce	058	140	139.905446400000	1.030E+00
Ce^	058	142	141.909249900000	1.290E-01
Pr	059	141	140.907658400000	1.750E-01
Nd	060	142	141.907728900000	2.340E-01
Nd	060	143	142.909819900000	1.040E-01
Nd^	060	144	143.910092900000	2.050E-01
Nd	060	145	144.912579200000	7.600E-02
Nd	060	146	145.913122500000	1.480E-01
Nd	060	148	147.916899100000	4.900E-02
Nd^	060	150	149.920901500000	4.800E-02
Sm	062	144	143.912006400000	8.000E-03
Sm*	062	147	146.914904100000	4.200E-02
Sm^	062	148	147.914829000000	3.100E-02
Sm	062	149	148.917191400000	3.800E-02
Sm	062	150	149.917282200000	2.000E-02
Sm	062	152	151.919739000000	7.300E-02
Sm	062	154	153.922216200000	6.200E-02
Eu^	063	151	150.919856900000	4.790E-02
Eu	063	153	152.921237000000	5.230E-02
Gd	064	154	153.920873400000	7.500E-03
Gd	064	155	154.922630529800	5.120E-02
Gd	064	156	155.922130600000	7.080E-02
Gd	064	157	156.923967900000	5.420E-02
Gd	064	158	157.924111600000	8.590E-02
Gd	064	160	159.927061500000	7.560E-02
Tb	065	159	158.925353900000	6.250E-02
Dy	066	158	157.924414600000	4.000E-04
Dy	066	160	159.925203200000	9.500E-03
Dy	066	161	160.926939100000	7.690E-02
Dy	066	162	161.926804200000	1.038E-01
Dy	066	163	162.928736900000	1.014E-01
Dy	066	164	163.929180500000	1.151E-01
Ho	067	165	164.930328000000	8.910E-02
Er	068	162	161.928787000000	4.000E-04
Er	068	164	163.929207400000	4.100E-03
Er	068	166	165.930299000000	8.600E-02
Er	068	167	166.932054100000	5.900E-02
Er	068	168	167.932376200000	6.900E-02
Er	068	170	169.935470700000	3.800E-02
Tm	069	169	168.934218400000	4.030E-02
Yb	070	168	167.933889100000	3.000E-04
Yb	070	170	169.934767246000	7.500E-03
Yb	070	171	170.936331517000	3.560E-02
Yb	070	172	171.936386659000	5.470E-02
Yb	070	173	172.938216215000	4.060E-02
Yb	070	174	173.938867548000	8.080E-02
Yb	070	176	175.942574709000	3.280E-02
Lu	071	175	174.940777300000	3.700E-02
Lu*	071	176	175.942691800000	1.100E-03
Hf^	072	174	173.940048500000	3.000E-04
Hf	072	176	175.941409900000	8.100E-03
Hf	072	177	176.943230300000	2.890E-02
Hf	072	178	177.943708500000	4.240E-02
Hf	072	179	178.945825800000	2.120E-02
Hf	072	180	179.946559700000	5.450E-02
Ta*	073	180	179.947468400000	2.600E-06
Ta	073	181	180.947999300000	2.150E-02
W^	074	180	179.946713400000	2.000E-04
W	074	182	181.948205700000	3.810E-02
W	074	183	182.950224500000	2.060E-02
W	074	184	183.950933300000	4.400E-02
W	074	186	185.954365200000	4.080E-02
Re	075	185	184.952958300000	1.950E-02
Re*	075	187	186.955752300000	3.520E-02
Os^	076	184	183.952492900000	1.000E-04
Os^	076	186	185.953837700000	1.040E-02
Os	076	187	186.955749600000	8.500E-03
Os	076	188	187.955837400000	8.690E-02
Os	076	189	188.958146000000	1.060E-01
Os	076	190	189.958445500000	1.720E-01
Os	076	192	191.961478900000	2.680E-01
Ir	077	191	190.960591500000	2.360E-01
Ir	077	193	192.962923800000	3.970E-01
Pt*	078	190	189.959949900000	2.000E-04
Pt	078	192	191.961042700000	1.000E-02
Pt	078	194	193.962683500000	4.070E-01
Pt	078	195	194.964794400000	4.190E-01
Pt	078	196	195.964954700000	3.140E-01
Pt	078	198	197.967896700000	9.100E-02
Au	079	197	196.966570100000	1.950E-01
Hg	080	196	195.965833000000	1.000E-03
Hg	080	198	197.966769200000	3.800E-02
Hg	080	199	198.968281000000	6.400E-02
Hg	080	200	199.968326900000	8.700E-02
Hg	080	201	200.970303000000	4.900E-02
Hg	080	202	201.970643600000	1.120E-01
Hg	080	204	203.973494000000	2.600E-02
Tl	081	203	202.972344000000	5.300E-02
Tl	081	205	204.974427200000	1.260E-01
Pb^	082	204	203.973043400000	6.600E-02
Pb	082	206	205.974465100000	6.150E-01
Pb	082	207	206.975896700000	6.800E-01
Pb	082	208	207.976651900000	1.947E+00
Bi^	083	209	208.980398500000	1.414E-01
Th*	090	232	232.038053700000	4.210E-02
U*	092	234	234.040950400000	9.900E-07
U*	092	235	235.043928200000	5.800E-03
U*	092	238	238.050787000000	1.810E-02